r18_lr0.0001_GB_combo_model_FF2017ES03_1_33
original class: 3

new classes: tensor([3, 3, 3, 3, 3, 3, 3, 3, 3, 3, 3, 3, 3, 3, 3, 3, 3])
new classes: tensor([3, 3, 3, 3, 3, 3, 3, 3, 3, 3, 3, 3, 3, 3, 3, 3, 3])
new classes: tensor([3, 3, 3, 3, 3, 3, 3, 3, 3, 3, 3, 3, 3, 3, 3, 3, 3])
new classes: tensor([3, 3, 3, 3, 3, 3, 3, 3, 3, 3, 3, 3, 3, 3, 3, 3, 3])
new classes: tensor([3, 3, 3, 3, 3, 3, 3, 3, 3, 3, 3, 3, 3, 3, 3, 3, 3])
new classes: tensor([3, 3, 3, 3, 3, 3, 3, 3, 3, 3, 3, 3, 3, 3, 3, 3, 3])
new classes: tensor([3, 3, 3, 3, 3, 3, 3, 3, 3, 3, 3, 3, 3, 3, 3, 3, 3])
new classes: tensor([3, 3, 3, 3, 3, 3, 3, 3, 3, 3, 3, 3, 3, 3, 3, 3, 3])
new classes: tensor([3, 3, 3, 3, 3, 3, 3, 3, 3, 3, 3, 3, 3, 3, 3, 3, 3])
new classes: tensor([3, 3, 3, 3, 3, 3, 3, 3, 3, 3, 3, 3, 3, 3, 3, 3, 3])
new classes: tensor([3, 3, 3, 3, 3, 3, 3, 3, 3, 3, 3, 3, 3, 3, 3, 3, 3])
new classes: tensor([3, 3, 3, 3, 3, 3, 3, 3, 3, 3, 3, 3, 3, 3, 3, 3, 3])
new classes: tensor([3, 3, 3, 3, 3, 3, 3, 3, 3, 3, 3, 3, 3, 3, 3, 3, 3])
new classes: tensor([3, 3, 3, 3, 3, 3, 3, 3, 3, 3, 3, 3, 3, 3, 3, 3, 3])
new classes: tensor([3, 3, 3, 3, 3, 3, 3, 3, 3, 3, 3, 3, 3, 3, 3, 3, 3])
new classes: tensor([3, 3, 3, 3, 3, 3, 3, 3, 3, 3, 3, 3, 3, 3, 3, 3, 3])
new classes: tensor([3, 3, 3, 3, 3, 3, 3, 3, 3, 3, 3, 3, 3, 3, 3, 3, 3])

heatmap:
[9, 9, 9, 9, 9, 9, 9, 9, 9, 9, 9, 9, 9, 9, 9, 9, 9]
[9, 9, 9, 9, 9, 9, 9, 9, 9, 9, 9, 9, 9, 9, 9, 9, 9]
[9, 9, 9, 9, 9, 9, 10, 9, 11, 9, 9, 9, 9, 9, 9, 9, 9]
[9, 9, 9, 10, 9, 9, 9, 9, 9, 9, 11, 9, 9, 9, 9, 9, 9]
[9, 9, 9, 9, 10, 9, 9, 8, 9, 8, 10, 9, 9, 9, 9, 9, 9]
[9, 9, 10, 10, 8, 9, 9, 11, 10, 7, 9, 9, 10, 9, 9, 9, 9]
[9, 9, 10, 10, 9, 7, 12, 12, 11, 11, 8, 9, 9, 9, 9, 9, 9]
[9, 9, 10, 9, 10, 9, 6, 8, 8, 9, 9, 9, 10, 9, 9, 9, 9]
[9, 9, 10, 9, 11, 9, 8, 7, 10, 9, 9, 9, 9, 9, 8, 9, 9]
[9, 9, 10, 10, 10, 9, 8, 9, 8, 11, 10, 9, 10, 9, 11, 9, 9]
[9, 9, 10, 10, 9, 9, 9, 9, 9, 6, 10, 10, 9, 9, 9, 9, 9]
[9, 9, 9, 9, 11, 9, 11, 7, 8, 8, 8, 9, 9, 9, 9, 9, 9]
[9, 9, 10, 13, 11, 10, 11, 8, 7, 8, 9, 9, 9, 9, 9, 9, 9]
[9, 9, 9, 9, 9, 9, 9, 9, 9, 9, 9, 9, 9, 9, 9, 9, 9]
[9, 9, 9, 9, 9, 9, 9, 9, 9, 9, 9, 9, 9, 9, 9, 9, 9]
[9, 9, 9, 9, 9, 9, 9, 9, 9, 9, 9, 9, 9, 9, 9, 9, 9]
[9, 9, 9, 9, 9, 9, 9, 9, 9, 9, 9, 9, 9, 9, 9, 9, 9]