r18_lr0.0001_GB_combo_model_CM2017SK007_1_36
original class: 3

new classes: tensor([3, 3, 3, 3, 3, 3, 3, 3, 3, 3, 3, 3, 3, 3, 3, 3, 3])
new classes: tensor([3, 3, 3, 3, 3, 3, 3, 3, 3, 3, 3, 3, 3, 3, 3, 3, 3])
new classes: tensor([3, 3, 3, 3, 3, 3, 3, 3, 3, 3, 3, 3, 3, 3, 3, 3, 3])
new classes: tensor([3, 3, 3, 3, 3, 3, 3, 3, 3, 3, 3, 3, 3, 3, 3, 3, 3])
new classes: tensor([3, 3, 3, 3, 3, 3, 3, 3, 3, 3, 3, 3, 3, 3, 3, 3, 3])
new classes: tensor([3, 3, 3, 3, 3, 3, 3, 3, 3, 3, 3, 3, 3, 3, 3, 3, 3])
new classes: tensor([3, 3, 3, 3, 3, 3, 3, 3, 3, 3, 3, 3, 3, 3, 3, 3, 3])
new classes: tensor([3, 3, 3, 3, 3, 3, 3, 3, 3, 3, 3, 3, 3, 3, 3, 3, 3])
new classes: tensor([3, 3, 3, 3, 3, 3, 3, 3, 3, 3, 3, 3, 3, 3, 3, 3, 3])
new classes: tensor([3, 3, 3, 3, 3, 3, 3, 3, 3, 3, 3, 3, 3, 3, 3, 3, 3])
new classes: tensor([3, 3, 3, 3, 3, 3, 3, 3, 3, 3, 3, 3, 3, 3, 3, 3, 3])
new classes: tensor([3, 3, 3, 3, 3, 3, 3, 3, 3, 3, 3, 3, 3, 3, 3, 3, 3])
new classes: tensor([3, 3, 3, 3, 3, 3, 3, 3, 3, 3, 3, 3, 3, 3, 3, 3, 3])
new classes: tensor([3, 3, 3, 3, 3, 3, 3, 3, 3, 3, 3, 3, 3, 3, 3, 3, 3])
new classes: tensor([3, 3, 3, 3, 3, 3, 3, 3, 3, 3, 3, 3, 3, 3, 3, 3, 3])
new classes: tensor([3, 3, 3, 3, 3, 3, 3, 3, 3, 3, 3, 3, 3, 3, 3, 3, 3])
new classes: tensor([3, 3, 3, 3, 3, 3, 3, 3, 3, 3, 3, 3, 3, 3, 3, 3, 3])

heatmap:
[17, 17, 17, 17, 17, 17, 17, 17, 17, 17, 17, 17, 17, 17, 17, 17, 17]
[17, 17, 17, 17, 17, 17, 17, 17, 17, 17, 17, 17, 17, 17, 17, 17, 17]
[17, 17, 18, 17, 17, 17, 17, 18, 18, 17, 17, 17, 17, 17, 17, 17, 17]
[17, 17, 18, 17, 17, 17, 19, 17, 17, 20, 19, 17, 17, 17, 17, 17, 17]
[17, 17, 17, 18, 18, 17, 18, 18, 17, 17, 16, 20, 17, 17, 17, 17, 17]
[17, 17, 18, 19, 16, 18, 19, 23, 19, 16, 18, 16, 18, 17, 17, 17, 17]
[17, 17, 18, 19, 17, 19, 20, 23, 18, 17, 17, 16, 17, 21, 17, 17, 17]
[17, 17, 17, 18, 17, 18, 16, 16, 17, 17, 18, 18, 16, 15, 19, 17, 17]
[17, 17, 17, 18, 25, 22, 14, 17, 15, 17, 17, 18, 18, 15, 17, 17, 17]
[17, 17, 19, 20, 19, 17, 14, 17, 18, 18, 19, 16, 18, 32, 20, 17, 17]
[17, 17, 17, 16, 19, 16, 18, 16, 14, 17, 20, 22, 17, 18, 17, 17, 17]
[17, 17, 19, 28, 20, 23, 19, 15, 14, 14, 18, 17, 17, 17, 17, 17, 17]
[17, 17, 18, 17, 18, 18, 17, 17, 17, 14, 17, 17, 17, 17, 17, 17, 17]
[17, 17, 17, 17, 17, 17, 17, 17, 17, 17, 17, 17, 17, 17, 17, 17, 17]
[17, 17, 17, 17, 17, 17, 17, 17, 17, 17, 17, 17, 17, 17, 17, 17, 17]
[17, 17, 17, 17, 17, 17, 17, 17, 17, 17, 17, 17, 17, 17, 17, 17, 17]
[17, 17, 17, 17, 17, 17, 17, 17, 17, 17, 17, 17, 17, 17, 17, 17, 17]