r18_lr0.0001_GB_combo_model_CM2017SK046_2_5,5
original class: 0

new classes: tensor([0, 0, 0, 0, 0, 0, 0, 0, 0, 0, 0, 0, 0, 0, 0, 0, 0])
new classes: tensor([0, 0, 0, 0, 0, 0, 0, 0, 0, 0, 0, 0, 0, 0, 0, 0, 0])
new classes: tensor([0, 0, 0, 0, 0, 0, 0, 0, 0, 0, 0, 0, 0, 0, 0, 0, 0])
new classes: tensor([0, 0, 0, 0, 0, 0, 0, 0, 0, 0, 0, 0, 0, 0, 0, 0, 0])
new classes: tensor([0, 0, 0, 0, 0, 0, 0, 0, 0, 0, 0, 0, 0, 0, 0, 0, 0])
new classes: tensor([0, 0, 0, 0, 0, 0, 0, 0, 0, 0, 0, 0, 0, 0, 0, 0, 0])
new classes: tensor([0, 0, 0, 0, 0, 0, 0, 0, 0, 0, 0, 0, 0, 0, 0, 0, 0])
new classes: tensor([0, 0, 0, 0, 0, 0, 0, 0, 0, 0, 0, 0, 0, 0, 0, 0, 0])
new classes: tensor([0, 0, 0, 0, 0, 0, 0, 0, 0, 0, 0, 0, 0, 0, 0, 0, 0])
new classes: tensor([0, 0, 0, 0, 0, 0, 0, 0, 0, 0, 0, 0, 0, 0, 0, 0, 0])
new classes: tensor([0, 0, 0, 0, 0, 0, 0, 0, 0, 0, 0, 0, 0, 0, 0, 0, 0])
new classes: tensor([0, 0, 0, 0, 0, 0, 0, 0, 0, 0, 0, 0, 0, 0, 0, 0, 0])
new classes: tensor([0, 0, 0, 0, 0, 0, 0, 0, 0, 0, 0, 0, 0, 0, 0, 0, 0])
new classes: tensor([0, 0, 0, 0, 0, 0, 0, 0, 0, 0, 0, 0, 0, 0, 0, 0, 0])
new classes: tensor([0, 0, 0, 0, 0, 0, 0, 0, 0, 0, 0, 0, 0, 0, 0, 0, 0])
new classes: tensor([0, 0, 0, 0, 0, 0, 0, 0, 0, 0, 0, 0, 0, 0, 0, 0, 0])
new classes: tensor([0, 0, 0, 0, 0, 0, 0, 0, 0, 0, 0, 0, 0, 0, 0, 0, 0])

heatmap:
[63, 63, 63, 63, 63, 63, 63, 63, 63, 63, 63, 63, 63, 63, 63, 63, 63]
[63, 63, 63, 63, 63, 63, 63, 63, 63, 63, 63, 63, 63, 63, 63, 63, 63]
[63, 63, 63, 63, 63, 62, 63, 63, 63, 63, 63, 63, 63, 63, 63, 63, 63]
[63, 63, 63, 63, 63, 63, 63, 63, 63, 63, 63, 63, 63, 63, 63, 63, 63]
[63, 63, 64, 56, 54, 66, 64, 63, 63, 58, 56, 56, 60, 63, 63, 63, 63]
[63, 59, 60, 56, 54, 60, 63, 63, 46, 59, 63, 63, 63, 56, 62, 63, 63]
[63, 60, 62, 57, 57, 56, 63, 50, 63, 63, 59, 74, 49, 43, 68, 63, 63]
[63, 65, 58, 58, 49, 60, 53, 57, 54, 55, 71, 76, 45, 52, 55, 63, 63]
[63, 65, 62, 63, 63, 64, 56, 65, 64, 60, 73, 60, 62, 63, 60, 63, 63]
[63, 72, 63, 63, 60, 61, 58, 67, 65, 56, 81, 59, 56, 58, 62, 63, 63]
[63, 67, 61, 63, 69, 63, 63, 63, 63, 63, 74, 63, 63, 63, 63, 63, 63]
[63, 67, 63, 62, 62, 63, 63, 63, 63, 63, 63, 63, 63, 63, 63, 63, 63]
[63, 65, 62, 78, 63, 63, 63, 63, 63, 63, 63, 63, 63, 63, 63, 63, 63]
[63, 63, 63, 63, 63, 63, 63, 63, 63, 63, 63, 63, 63, 63, 63, 63, 63]
[63, 63, 63, 63, 63, 63, 63, 63, 63, 63, 63, 63, 63, 63, 63, 63, 63]
[63, 63, 63, 63, 63, 63, 63, 63, 63, 63, 63, 63, 63, 63, 63, 63, 63]
[63, 63, 63, 63, 63, 63, 63, 63, 63, 63, 63, 63, 63, 63, 63, 63, 63]