r18_lr0.0001_GB_combo_model_CM2018SK001_3_7,5
original class: 0

new classes: tensor([0, 0, 0, 0, 0, 0, 0, 0, 0, 0, 0, 0, 0, 0, 0, 0, 0])
new classes: tensor([0, 0, 0, 0, 0, 0, 0, 0, 0, 0, 0, 0, 0, 0, 0, 0, 0])
new classes: tensor([0, 0, 0, 0, 0, 0, 0, 0, 0, 0, 0, 0, 0, 0, 0, 0, 0])
new classes: tensor([0, 0, 0, 0, 0, 0, 0, 0, 0, 0, 0, 0, 0, 0, 0, 0, 0])
new classes: tensor([0, 0, 0, 0, 0, 0, 0, 0, 0, 0, 0, 0, 0, 0, 0, 0, 0])
new classes: tensor([0, 0, 0, 0, 0, 0, 0, 0, 0, 0, 0, 0, 0, 0, 0, 0, 0])
new classes: tensor([0, 0, 0, 0, 0, 0, 0, 0, 0, 0, 0, 0, 0, 0, 0, 0, 0])
new classes: tensor([0, 0, 0, 0, 0, 0, 0, 0, 0, 0, 0, 0, 0, 0, 0, 0, 0])
new classes: tensor([0, 0, 0, 0, 0, 0, 0, 0, 0, 0, 0, 0, 0, 0, 0, 0, 0])
new classes: tensor([0, 0, 0, 0, 0, 0, 0, 0, 0, 0, 0, 0, 0, 0, 0, 0, 0])
new classes: tensor([0, 0, 0, 0, 0, 0, 0, 0, 0, 0, 0, 0, 0, 0, 0, 0, 0])
new classes: tensor([0, 0, 0, 0, 0, 0, 0, 0, 0, 0, 0, 0, 0, 0, 0, 0, 0])
new classes: tensor([0, 0, 0, 0, 0, 0, 0, 0, 0, 0, 0, 0, 0, 0, 0, 0, 0])
new classes: tensor([0, 0, 0, 0, 0, 0, 0, 0, 0, 0, 0, 0, 0, 0, 0, 0, 0])
new classes: tensor([0, 0, 0, 0, 0, 0, 0, 0, 0, 0, 0, 0, 0, 0, 0, 0, 0])
new classes: tensor([0, 0, 0, 0, 0, 0, 0, 0, 0, 0, 0, 0, 0, 0, 0, 0, 0])
new classes: tensor([0, 0, 0, 0, 0, 0, 0, 0, 0, 0, 0, 0, 0, 0, 0, 0, 0])

heatmap:
[2, 3, 3, 3, 3, 3, 3, 3, 3, 3, 3, 3, 3, 3, 3, 3, 2]
[2, 2, 3, 3, 3, 3, 3, 3, 3, 3, 3, 3, 4, 3, 3, 3, 2]
[2, 2, 2, 2, 2, 2, 3, 3, 3, 3, 3, 3, 3, 3, 3, 3, 2]
[2, 2, 2, 2, 2, 2, 2, 3, 3, 2, 2, 2, 3, 3, 3, 3, 2]
[2, 2, 2, 2, 2, 2, 2, 2, 2, 2, 2, 2, 3, 4, 3, 3, 2]
[2, 2, 2, 2, 3, 2, 2, 3, 3, 2, 2, 2, 3, 4, 3, 3, 2]
[2, 2, 2, 2, 3, 3, 3, 3, 3, 3, 2, 2, 2, 3, 3, 3, 2]
[2, 2, 2, 2, 2, 3, 3, 5, 5, 3, 2, 2, 2, 3, 3, 3, 2]
[2, 2, 2, 2, 2, 2, 3, 5, 7, 4, 2, 2, 2, 3, 3, 3, 2]
[2, 2, 2, 2, 2, 3, 4, 6, 7, 5, 3, 3, 3, 3, 3, 3, 2]
[2, 2, 2, 2, 2, 3, 4, 5, 5, 4, 4, 3, 3, 4, 4, 4, 2]
[2, 2, 2, 2, 3, 3, 4, 4, 4, 4, 4, 4, 4, 3, 3, 4, 2]
[2, 2, 2, 3, 3, 3, 4, 4, 4, 3, 3, 4, 3, 3, 3, 3, 2]
[2, 2, 3, 3, 3, 3, 3, 3, 3, 3, 3, 4, 3, 3, 3, 3, 2]
[2, 2, 3, 3, 3, 3, 3, 3, 3, 3, 3, 3, 3, 3, 3, 3, 2]
[2, 3, 3, 3, 3, 3, 3, 3, 3, 2, 3, 3, 3, 3, 2, 2, 2]
[2, 2, 2, 2, 2, 2, 2, 2, 2, 2, 2, 2, 2, 2, 2, 2, 2]